1.2808117866516113
1.3060927391052246
1.3110942840576172
1.3024909496307373
1.314711332321167
1.2946100234985352
1.2933721542358398
1.2874743938446045
1.3031370639801025
1.2929699420928955
1.3009004592895508
1.342871904373169
1.3075921535491943
1.3019623756408691
0.9108471870422363
0.9725518226623535
0.9272973537445068
0.9276282787322998
0.9612994194030762
0.9577465057373047
0.949338436126709
0.9431765079498291
0.9420578479766846
0.936211347579956
0.9472804069519043
0.9279680252075195
0.9060049057006836
0.9434936046600342
0.957634687423706
0.9592788219451904
0.9123315811157227
0.9166715145111084
0.9636509418487549
0.9498283863067627
1.6110124588012695
0.9268112182617188
1.1447930335998535
1.1513464450836182
1.1350016593933105
1.8840391635894775
1.900691270828247
1.878685712814331
1.8929593563079834
1.4196531772613525
1.8879027366638184
1.8867385387420654
1.9348881244659424
1.8824074268341064
1.8886890411376953
1.4238429069519043
1.8899567127227783
1.8800857067108154
1.2903623580932617
1.8869409561157227
1.877251386642456
1.397092580795288
1.8799285888671875
1.8820252418518066
1.9435970783233643
1.889096736907959
1.8872897624969482
1.9292926788330078
1.9016151428222656
1.8871114253997803
1.8948500156402588
1.8832001686096191
1.8862297534942627
1.8853209018707275
1.8892905712127686
1.8837072849273682
1.8847463130950928
1.5672023296356201
1.9085328578948975
1.6514251232147217
1.8892590999603271
1.9017529487609863
1.5057580471038818
1.88893461227417
1.8913469314575195
1.8847739696502686
1.896517276763916
1.8574225902557373
1.7887134552001953
1.8902184963226318
1.89552640914917
1.89312744140625
1.8976483345031738
1.897273063659668
1.9120378494262695
1.8854687213897705
1.921454906463623
1.8869819641113281
1.8909876346588135
1.8883469104766846
1.8891587257385254
1.8910441398620605
1.6251938343048096
1.8948404788970947
1.909710168838501
1.889676570892334
1.874459981918335
1.8881981372833252
1.7558629512786865
1.8939619064331055
1.8847146034240723
1.8943603038787842
1.888185977935791
1.8876774311065674
1.8902606964111328
1.8847613334655762
1.880892276763916
1.8924095630645752
1.7675063610076904
1.8927218914031982
1.886228084564209
1.883467435836792
1.8827815055847168
1.8948042392730713
1.8883264064788818
1.1468558311462402
1.1108813285827637
1.1318984031677246
1.1497454643249512
1.1403436660766602
1.1450002193450928
1.1232435703277588
1.1266214847564697
1.1321039199829102
1.1328108310699463
1.14267897605896
1.1312229633331299
1.1428680419921875
1.1372511386871338
1.1418628692626953
1.135406494140625
1.1414177417755127
1.153846263885498
1.1392860412597656
1.1501367092132568
1.1368861198425293
1.1167125701904297
1.1403906345367432
1.0993285179138184
1.1438701152801514
1.1384947299957275
1.1500554084777832
1.1370534896850586
1.1232483386993408
1.1412885189056396
0.9146072864532471
0.9136548042297363
0.9311680793762207
1.0418453216552734
0.9880039691925049
0.8868591785430908
0.9483795166015625
0.9138176441192627
0.9091358184814453
0.9058048725128174
0.9203293323516846
0.8998088836669922
0.9174342155456543
0.9254574775695801
1.0056650638580322
1.047130823135376
1.028651237487793
1.3130731582641602
1.2965807914733887
1.4255180358886719
1.3327398300170898
1.511866807937622
1.4246487617492676
1.2305257320404053
1.2458782196044922
1.297739028930664
1.3142471313476562
1.100419282913208
1.0958282947540283
1.0899055004119873
1.2528371810913086
1.2314260005950928
1.380951166152954
1.345228910446167
1.1139335632324219
1.113405466079712
1.2726705074310303
1.4470508098602295
1.3291029930114746
1.5906970500946045
1.3019752502441406
1.3170135021209717
1.6966595649719238
1.1615869998931885
1.310474157333374
1.2884893417358398
1.0825977325439453
1.1071295738220215
1.055988073348999
1.1272473335266113
1.3018908500671387
1.3561017513275146
1.346276044845581
1.6304068565368652
1.5650498867034912
1.2994575500488281
1.2379746437072754
1.203202486038208
1.2303128242492676
1.3528211116790771
1.4786150455474854
1.403296947479248
1.1428859233856201
1.1436340808868408
1.4488108158111572
1.1056442260742188
1.1410620212554932
1.0070037841796875
1.3168528079986572
1.2927751541137695
1.330726146697998
1.2321569919586182
1.1284065246582031
1.1133396625518799
1.2569079399108887
1.2798206806182861
1.0655004978179932
0.9248840808868408
1.1034424304962158
0.9297757148742676
0.9356679916381836
0.9427351951599121
0.9207711219787598
0.9218995571136475
0.9482822418212891
0.9624452590942383
0.9767143726348877
0.9332590103149414
0.921846866607666
0.9419596195220947
0.9296698570251465
0.9163827896118164
0.9329049587249756
0.906043529510498
0.9458777904510498
1.1232807636260986
0.9315497875213623
1.474945306777954
1.4915728569030762
0.9468629360198975
0.9491231441497803
0.9404737949371338
0.9195308685302734
0.9397058486938477
0.9286501407623291
0.9042172431945801
0.9027025699615479
0.9690263271331787
0.9096207618713379
0.9156191349029541
0.9046225547790527
0.8929405212402344
0.8941769599914551
0.9089689254760742
0.901435136795044
0.913175106048584
0.9876425266265869
0.9070992469787598
0.8949058055877686
0.935248851776123
0.8782908916473389
0.8932754993438721
0.9114816188812256
0.9407351016998291
0.9343359470367432
0.9138503074645996
0.928534984588623
0.896315336227417
0.9089429378509521
0.9195823669433594
0.8979470729827881
0.900825023651123
0.9256305694580078
0.9065253734588623
0.984527587890625
0.9358136653900146
0.9113810062408447
0.9090442657470703
0.9000000953674316
0.8910408020019531
0.9113106727600098
0.8956091403961182
0.8996198177337646
0.9232311248779297
0.9080061912536621
0.9143190383911133
0.888282060623169
0.8780539035797119
1.0196542739868164
1.0454626083374023
0.9046928882598877
0.913916826248169
0.9028313159942627
0.8962194919586182
0.8912663459777832
0.9095458984375
0.9123890399932861
0.8965375423431396
0.8976325988769531
0.906928539276123
0.9289443492889404
0.9333302974700928
0.928246259689331
0.8923046588897705
1.0926239490509033
0.9303567409515381
0.9339199066162109
0.9114854335784912
1.007174015045166
0.8916244506835938
0.9979338645935059
0.9066219329833984
0.937978982925415
0.9053237438201904
0.9050579071044922
0.8835337162017822
0.9135646820068359
0.8932640552520752
0.912604808807373
0.8966493606567383
0.8953440189361572
0.897068977355957
0.9012336730957031
0.9116115570068359
0.9282989501953125
0.9186758995056152
0.8990213871002197
0.8977673053741455
0.8818676471710205
0.9044432640075684
0.9007911682128906
0.9042425155639648
0.9004251956939697
0.9147951602935791
0.9092841148376465
0.9292984008789062
0.9101912975311279
0.9166414737701416
1.0501031875610352
0.9363760948181152
0.897085428237915
0.9124319553375244
0.9115657806396484
0.8898377418518066
0.9021399021148682
0.8888938426971436
0.939612627029419
0.9722962379455566
0.9057745933532715
1.0053658485412598
0.8859577178955078
0.8920454978942871
0.88832688331604
0.8841207027435303
0.909191370010376
0.9100775718688965
0.9332492351531982
0.9002563953399658
0.9151909351348877
1.145587682723999
0.9207444190979004
0.8938133716583252
0.9091775417327881
0.8887007236480713
0.9167520999908447
0.8921616077423096
0.8926663398742676
0.9138619899749756
0.8867573738098145
0.8968031406402588
0.9134118556976318
0.9163415431976318
0.9264960289001465
0.8989388942718506
0.9047837257385254
0.9213550090789795
0.9129350185394287
0.9205858707427979
0.934251070022583
0.9195642471313477
0.9196035861968994
0.9541902542114258
0.9182708263397217
0.9192657470703125
0.8845100402832031
0.9058740139007568
0.9114012718200684
0.9523427486419678
0.9133245944976807
0.9298262596130371
0.8928513526916504
0.9540548324584961
0.9799437522888184
0.9181759357452393
0.8859272003173828
1.1511924266815186
0.9478759765625
1.1401653289794922
1.1505498886108398
0.9146041870117188
0.8987715244293213
0.9107277393341064
1.0585684776306152
0.9026486873626709
0.9117677211761475
0.9028034210205078
1.1005661487579346
1.021141767501831
0.9317166805267334
0.8953492641448975
0.9067351818084717
0.915959358215332
0.9147415161132812
0.9051229953765869
0.9440295696258545
0.9237277507781982
0.9259140491485596
0.9217901229858398
0.895388126373291
0.9041082859039307
0.9379212856292725
0.931074857711792
0.9130733013153076
0.9179544448852539
0.9098577499389648
0.9056055545806885
0.9091823101043701
0.8997910022735596
0.8923897743225098
0.9167251586914062
0.9154131412506104
0.9054546356201172
0.9218699932098389
0.9052362442016602
0.9140956401824951
0.9058101177215576
1.0838017463684082
0.9211764335632324
0.9418807029724121
0.9227972030639648
0.9062731266021729
1.0854463577270508
0.9132978916168213
0.9080798625946045
0.9320995807647705
0.9033687114715576
0.908452033996582
0.9363317489624023
0.9078636169433594
0.939570426940918
0.9268033504486084
0.9161121845245361
0.9151012897491455
0.9098246097564697
0.900174617767334
0.9308516979217529
0.9273772239685059
0.9037036895751953
0.9204351902008057
0.9243559837341309
0.9109029769897461
0.9326419830322266
0.9071931838989258
1.0817983150482178
0.910620927810669
0.927208423614502
0.9447922706604004
0.9163744449615479
0.9129295349121094
0.890573263168335
0.905890941619873
0.9283237457275391
0.9247705936431885
0.9029672145843506
0.9250681400299072
0.8773033618927002
0.8893945217132568
0.9123985767364502
0.903451681137085
0.9021687507629395
0.9446918964385986
0.8962585926055908
0.8999221324920654
0.9205677509307861
0.907585620880127
0.908027172088623
0.9279747009277344
0.9054841995239258
0.895118236541748
0.9234433174133301
0.9133956432342529
0.9129195213317871
0.9198398590087891
0.9200496673583984
0.9058606624603271
0.9467082023620605
0.9161629676818848
0.959191083908081
1.0526912212371826
0.8980774879455566
0.9189510345458984
0.9261040687561035
0.8965985774993896
0.8875949382781982
0.9151175022125244
0.8924288749694824
0.9101982116699219
0.9351167678833008
0.9002115726470947
0.890695333480835
0.9271674156188965
0.9049890041351318
1.103088617324829
1.060981273651123
0.9121747016906738
0.8927502632141113
0.9028244018554688
0.9083874225616455
0.9007008075714111
0.9140615463256836
0.8782262802124023
0.8878147602081299
0.9170670509338379
0.9238109588623047
0.9053997993469238
0.9317488670349121
0.8926281929016113
0.9060463905334473
0.9177038669586182
0.9077458381652832
0.9096958637237549
0.9116981029510498
0.8868663311004639
0.8841273784637451
0.9225115776062012
0.9009108543395996
0.8951742649078369
0.9108884334564209
0.9155340194702148
0.9229252338409424
0.9320659637451172
0.9164023399353027
0.907489538192749
0.923098087310791
0.9241883754730225
0.924919605255127
0.929797887802124
0.8886423110961914
1.0331437587738037
0.9182591438293457
0.9011492729187012
0.9044959545135498
0.9016730785369873
0.9171242713928223
1.220780611038208
0.9017972946166992
0.9136738777160645
1.100541114807129
0.9091165065765381
0.9035217761993408
0.9121618270874023
0.9130420684814453
0.9006912708282471
0.8956875801086426
0.9258763790130615
0.9066357612609863
0.9209487438201904
0.9410271644592285
0.8927052021026611
1.071782112121582
0.8887174129486084
0.8898801803588867
0.9459266662597656
0.9515285491943359
0.89752197265625
0.8963057994842529
0.9112968444824219
0.9024274349212646
0.9186661243438721
0.908574104309082
0.9581096172332764
0.8963725566864014
0.8788979053497314
0.9001550674438477
0.9122850894927979
0.8985676765441895
0.9038565158843994
0.8971297740936279
0.9664855003356934
0.9548075199127197
0.974952220916748
0.907616138458252
0.899486780166626
0.8952169418334961
0.9231240749359131
0.9214816093444824
0.9229199886322021
0.9319343566894531
0.9002015590667725
0.9092035293579102
0.9132571220397949
0.9098289012908936
0.9173488616943359
0.935755729675293
0.8884916305541992
0.8758714199066162
0.8991184234619141
0.9336051940917969
0.9128403663635254
0.9025797843933105
0.9044299125671387
0.892064094543457
0.914445161819458
0.9109752178192139
0.8987207412719727
0.9149250984191895
0.9057269096374512
1.1020665168762207
1.1377203464508057
0.9016759395599365
0.8933346271514893
0.8959407806396484
0.9026575088500977
0.9070351123809814
0.9417181015014648
0.9125745296478271
0.9108996391296387
0.9282705783843994
0.951674222946167
0.9540348052978516
0.9134509563446045
0.9251041412353516
0.8901197910308838
0.8922812938690186
0.9046034812927246
0.9247756004333496
0.8877191543579102
0.9084818363189697
0.8872952461242676
0.8829150199890137
0.914994478225708
0.9055376052856445
0.9583086967468262
1.1172444820404053
0.900454044342041
0.8960123062133789
0.8916776180267334
0.9482991695404053
0.8930857181549072
0.9245297908782959
0.8998992443084717
0.8815171718597412
0.9062738418579102
0.9069938659667969
0.9180569648742676
0.9153740406036377
0.9051961898803711
0.9290130138397217
0.9043612480163574
0.9042625427246094
0.9046933650970459
0.9182448387145996
0.8954899311065674
0.9051861763000488
0.8907835483551025
0.9293026924133301
0.9031338691711426
0.8885774612426758
0.9119048118591309
0.9139654636383057
0.936518669128418
0.9039707183837891
0.9320089817047119
0.8992125988006592
0.9140093326568604
0.8932299613952637
0.8894193172454834
0.8984689712524414
0.9243593215942383
0.9089500904083252
0.914541482925415
0.8996312618255615
0.9036805629730225
0.9123802185058594
0.9153342247009277
0.9138922691345215
0.9356210231781006
0.9169719219207764
0.8871846199035645
0.8886260986328125
1.0538086891174316
0.8946740627288818
0.943579912185669
0.9094235897064209
0.8980488777160645
0.9075016975402832
0.9347367286682129
0.9279088973999023
1.131422996520996
0.914254903793335
0.9616239070892334
0.9186427593231201
0.9267003536224365
0.9216253757476807
0.902275562286377
0.9041526317596436
0.895777702331543
0.8835182189941406
0.8982734680175781
0.9035801887512207
0.9100031852722168
0.8960251808166504
0.9203281402587891
0.9250247478485107
0.9156825542449951
0.9182262420654297
0.9163923263549805
0.8999214172363281
0.9022130966186523
0.8985645771026611
0.9092152118682861
0.937279462814331
0.9544105529785156
0.9362337589263916
0.9105684757232666
0.9396147727966309
0.8890671730041504
0.9055490493774414
0.886939525604248
0.9014241695404053
0.8990862369537354
0.9394323825836182
0.8921442031860352
0.894798755645752
0.905062198638916
0.8959221839904785
0.9357287883758545
0.9513201713562012
0.9151101112365723
0.9190464019775391
0.969630241394043
0.9140710830688477
0.9110169410705566
0.9080259799957275
0.9092996120452881
0.9871022701263428
0.8970010280609131
0.9174680709838867
0.9124388694763184
0.9801018238067627
0.9093852043151855
0.879835844039917
0.9013917446136475
0.9337787628173828
0.9143524169921875
0.9044551849365234
0.918825626373291
0.8808200359344482
0.8931839466094971
0.89742112159729
0.9053981304168701
0.9154043197631836
0.9070389270782471
0.9009792804718018
1.0518484115600586
1.049546480178833
0.9024174213409424
0.8920812606811523
0.9063665866851807
0.9156391620635986
0.9163155555725098
0.9032680988311768
0.8958160877227783
0.8958086967468262
0.8941903114318848
0.89626145362854
0.9123234748840332
0.9062387943267822
0.9131460189819336
0.912348747253418
1.048175573348999
0.9011070728302002
0.9153482913970947
0.8957102298736572
0.9023759365081787
0.917841911315918
0.9050447940826416
0.9047622680664062
0.9186506271362305
0.9019777774810791
0.9030270576477051
0.9089255332946777
0.9034655094146729
0.8962173461914062
0.9148645401000977
0.9078829288482666
0.9001591205596924
0.9002761840820312
0.9136641025543213
0.9220812320709229
0.9063036441802979
0.8941330909729004
0.887427568435669
0.9193463325500488
0.9177291393280029
0.8991656303405762
1.0658867359161377
0.9300937652587891
0.89632248878479
0.9010868072509766
0.9067046642303467
0.877913236618042
0.9053285121917725
0.8876278400421143
0.883608341217041
0.9616396427154541
0.9799699783325195
0.9401521682739258
0.8871641159057617
0.9105744361877441
0.8946659564971924
0.8851633071899414
0.913297176361084
1.0139429569244385
0.9199140071868896
0.9407436847686768
0.8953914642333984
0.9115746021270752
0.9149255752563477
0.9207627773284912
0.8997950553894043
0.9003651142120361
0.899294376373291
0.909003496170044
0.9161961078643799
0.8989086151123047
0.9034731388092041
0.9142041206359863
0.9147169589996338
0.925048828125
0.9084475040435791
0.9032285213470459
0.8958771228790283
0.8856582641601562
0.906639575958252
0.9175496101379395
0.9088406562805176
0.9176671504974365
0.9187986850738525
0.9022336006164551
0.898618221282959
0.9228010177612305
0.8769919872283936
0.9177324771881104
0.8859457969665527
0.8737447261810303
0.8938567638397217
0.9088337421417236
0.9138281345367432
0.9113924503326416
0.9177782535552979
0.8981058597564697
0.9261631965637207
0.9325571060180664
0.908747673034668
0.8982586860656738
0.8946037292480469
0.901623010635376
0.889829158782959
0.8962075710296631
0.9229631423950195
0.934760570526123
0.9205448627471924
0.8998270034790039
0.8998198509216309
0.867666482925415
0.8920879364013672
0.9076871871948242
0.9033498764038086
0.9105169773101807
0.9029896259307861
0.9055662155151367
0.8948118686676025
0.9240014553070068
0.9012422561645508
0.907900333404541
0.9068856239318848
0.9270100593566895
0.8974676132202148
1.0168347358703613
1.0663750171661377
1.0602490901947021
0.9008827209472656
0.926539421081543
0.9113709926605225
0.8961880207061768
0.8966588973999023
0.9253301620483398
0.899122953414917
0.8956813812255859
0.9373409748077393
0.9061698913574219
0.8995106220245361
0.8936171531677246
0.8951761722564697
0.9260246753692627
0.9069626331329346
0.9159443378448486
0.9124715328216553
0.9008684158325195
0.894737958908081
0.882169246673584
0.9117615222930908
0.9152011871337891
0.9510736465454102
0.8865692615509033
0.9073684215545654
0.8750345706939697
0.9081261157989502
0.9057016372680664
0.93776535987854
0.9019756317138672
0.9008114337921143
0.8861405849456787
0.8985795974731445
0.8967845439910889
0.9117231369018555
0.913632869720459
0.9106419086456299
0.8696436882019043
0.9061567783355713
0.9420623779296875
0.8903570175170898
0.900273323059082
0.8790390491485596
1.1766369342803955
0.8946175575256348
0.9200854301452637
0.9175496101379395
0.9816184043884277
0.9578568935394287
1.471461534500122
1.4770441055297852
1.0221199989318848
0.9151279926300049
0.9278030395507812
0.9234828948974609
0.9227018356323242
0.9252278804779053
1.005601167678833
1.0633511543273926
1.0458402633666992
1.5766174793243408
1.5882325172424316
0.9051117897033691
0.9005188941955566
0.9412386417388916
0.9380605220794678
0.9381921291351318
0.9410622119903564
0.8929650783538818
0.9052073955535889
1.0493443012237549
0.8980846405029297
0.9240314960479736
0.9187867641448975
0.8948173522949219
1.0569543838500977
1.0355637073516846
1.0374057292938232
0.8806397914886475
1.3546175956726074
0.8937501907348633
0.9273290634155273
0.9219253063201904
0.908743143081665
0.9182720184326172
0.9135415554046631
1.031479835510254
0.9033157825469971
0.9160504341125488
0.8803191184997559
0.9515891075134277
0.9360618591308594
0.9218921661376953
0.9066522121429443
0.9006123542785645
1.3095605373382568
1.1727681159973145
1.159022569656372
1.1716971397399902
1.2977294921875
1.3027889728546143
1.3334381580352783
1.232567310333252
1.1903095245361328
1.335357904434204
1.3186616897583008
1.27886962890625
1.5498671531677246
1.4839186668395996
1.340620756149292
1.3366069793701172
1.258805274963379
1.0781538486480713
1.1712729930877686
1.135359764099121
1.3484718799591064
1.1980860233306885
1.4224112033843994
1.5330688953399658
1.4426538944244385
1.3260467052459717
1.4558768272399902
1.1107993125915527
1.1253576278686523
1.5296950340270996
1.4364628791809082
1.343672752380371
1.4304838180541992
1.1372292041778564
1.4125950336456299
1.6133663654327393
1.5949046611785889
1.3947088718414307
1.297515869140625
1.3072526454925537
1.3219575881958008
1.4080579280853271
1.364621877670288
1.4305741786956787
1.5621614456176758
1.5248112678527832
1.3584065437316895
1.2409627437591553
1.2147653102874756
1.2215983867645264
1.3097171783447266
1.1331186294555664
1.3100686073303223
1.2703371047973633
1.3057522773742676
1.4061739444732666
1.40985107421875
1.1716532707214355
1.5694422721862793
1.5417261123657227
1.067697525024414
1.3663580417633057
1.3034107685089111
0.9750792980194092
0.9720878601074219
1.0742504596710205
0.9617090225219727
0.9836032390594482
0.917665958404541
0.9072849750518799
0.9168384075164795
1.0206828117370605
0.991255521774292
0.9903092384338379
0.8975470066070557
0.9005181789398193
0.9408915042877197
0.9312653541564941
0.9102153778076172
0.908806562423706
0.9060516357421875
0.9086716175079346
0.9165170192718506
0.8975894451141357
0.9843828678131104
0.9321203231811523
0.9352476596832275
0.9142160415649414
0.9093892574310303
0.9042272567749023
0.9070188999176025
0.9307727813720703
0.9103813171386719
0.908348560333252
0.9098544120788574
0.9171783924102783
0.9542236328125
0.9121601581573486
0.9153120517730713
0.9220497608184814
0.8982863426208496
0.922112226486206
0.895540714263916
1.02443265914917
1.0329921245574951
0.966822624206543
0.913475751876831
0.93727707862854
0.9271388053894043
0.9073107242584229
0.9694569110870361
0.9086229801177979
0.9212424755096436
0.936028003692627
0.9419143199920654
0.9409825801849365
0.9277153015136719
0.9486877918243408
0.9193367958068848
0.9205584526062012
0.9041876792907715
1.0013179779052734
1.0071611404418945
0.9076113700866699
0.948932409286499
0.8856401443481445
0.9199802875518799
0.8996143341064453
0.9360990524291992
0.9020915031433105
0.9312801361083984
0.9346489906311035
0.9367294311523438
0.9152557849884033
1.1165828704833984
1.0947613716125488
0.9932906627655029
0.922522783279419
0.9119596481323242
0.9088315963745117
0.9104664325714111
0.9066593647003174
0.9230599403381348
0.9145653247833252
0.9202430248260498
0.9252369403839111
0.9594602584838867
0.899986982345581
0.9014976024627686
0.8907718658447266
1.0113554000854492
0.9120314121246338
0.9196004867553711
0.8988661766052246
0.8945024013519287
0.9085080623626709
1.0225436687469482
1.028548002243042
0.9284911155700684
0.9484508037567139
0.9159088134765625
0.9294631481170654
0.9157800674438477
0.938274621963501
0.9347069263458252
0.9247722625732422
0.9271979331970215
0.9280805587768555
0.928896427154541
0.9562852382659912
0.9519143104553223
0.9128811359405518
0.93367600440979
0.9295156002044678
0.9432554244995117
0.9339680671691895
1.1307744979858398
0.9197120666503906
0.9307942390441895
0.9467439651489258
0.9451594352722168
0.924304723739624
0.9314396381378174
1.1283645629882812
1.1471600532531738
0.9233059883117676
0.9284818172454834
0.941878080368042
0.9408133029937744
0.9126214981079102
0.9209282398223877
0.9185225963592529
1.1532011032104492
1.1379024982452393
0.917999267578125
0.9042110443115234
0.9181771278381348
0.9189331531524658
0.934187650680542
1.417311429977417
1.2546906471252441
1.2642319202423096
1.2279181480407715
1.1285350322723389
1.2339019775390625
1.1456055641174316
1.169602632522583
1.308906078338623
1.4942338466644287
1.4947209358215332
1.1360371112823486
1.3711650371551514
1.1915850639343262
1.3550589084625244
1.2980215549468994
1.4606552124023438
1.1395132541656494
1.5087323188781738
1.586334466934204
1.1593856811523438
0.9734594821929932
1.2561445236206055
1.2406895160675049
1.2295868396759033
1.0901992321014404
1.3463258743286133
1.4543421268463135
1.4178240299224854
1.5095305442810059
1.48537015914917
1.9403305053710938
1.6343395709991455
1.5216047763824463
1.492372751235962
1.3262395858764648
1.3249976634979248
1.2205824851989746
1.2542541027069092
1.2986841201782227
1.2327966690063477
1.3131847381591797
1.163327693939209
1.3483834266662598
1.5473244190216064
1.591529130935669
1.286729097366333
1.1848671436309814
1.5546226501464844
1.8758471012115479
1.948667287826538
1.484929084777832
1.5000839233398438
1.3842277526855469
1.3665635585784912
1.3174431324005127
0.9989185333251953
1.246138572692871
1.3123741149902344
1.353126049041748
1.289036512374878
0.9826314449310303
1.3841831684112549
1.4187524318695068
1.291731834411621
1.2083795070648193
1.1118810176849365
0.9173614978790283
0.9152169227600098
0.9076845645904541
0.910153865814209
1.1555802822113037
1.1844673156738281
0.9146690368652344
0.9217584133148193
0.9481477737426758
0.9324262142181396
0.9157083034515381
1.3441417217254639
0.9071037769317627
0.9116942882537842
0.9102540016174316
0.9061996936798096
0.9009175300598145
0.8976120948791504
0.900740385055542
0.9112329483032227
0.9984543323516846
0.8982272148132324
0.9188799858093262
0.8923449516296387
0.9100503921508789
0.9025540351867676
0.9477181434631348
0.9569032192230225
0.9210779666900635
0.9156055450439453
0.9074902534484863
0.9318866729736328
0.9051535129547119
0.905771017074585
1.242035150527954
0.9123795032501221
0.9114995002746582
0.9108865261077881
0.911832332611084
0.9062092304229736
0.9698364734649658
1.0001389980316162
0.9054501056671143
0.9022934436798096
0.902320384979248
0.8910956382751465
0.9026837348937988
0.9402439594268799
0.8969802856445312
0.9076266288757324
1.1153302192687988
1.1302216053009033
0.919947624206543
0.914290189743042
0.9087574481964111
0.8915469646453857
0.8988969326019287
1.131838321685791
0.9006891250610352
0.9138412475585938
0.9288430213928223
1.1090764999389648
13.670960664749146
1.165215015411377
1.168928623199463
1.1556098461151123
1.1691875457763672
1.183046579360962
1.204524040222168
1.1828744411468506
1.1851603984832764
1.1737701892852783
1.1768951416015625
1.169189453125
1.1723926067352295
1.185027837753296
1.1754329204559326
0.9009144306182861
0.9150354862213135
0.9293301105499268
0.9725363254547119
0.9166924953460693
0.9082167148590088
0.915736198425293
0.9140386581420898
0.9543108940124512
0.91853928565979
0.9295871257781982
0.9195418357849121
0.9143846035003662
0.9442930221557617
0.9398915767669678
0.9737203121185303
0.928570032119751
0.9222743511199951
0.9210889339447021
0.9028425216674805
0.9093732833862305
0.9370031356811523
1.4044458866119385
1.1229052543640137
1.137834072113037
1.0135974884033203
0.9575948715209961
1.3172407150268555
1.2655861377716064
1.267704725265503
1.5630717277526855
1.3147716522216797
1.3025197982788086
2.277245044708252
1.2966244220733643
1.34364652633667
1.3965063095092773
1.3433036804199219
1.1620004177093506
1.4323718547821045
1.0058021545410156
0.9826846122741699
1.2030858993530273
1.2805705070495605
1.3493890762329102
1.2710163593292236
1.272944450378418
1.2371892929077148
1.2823047637939453
1.191194772720337
1.1539618968963623
1.3363478183746338
1.6582696437835693
1.1851110458374023
1.1263446807861328
1.4846701622009277
1.066028118133545
1.0930161476135254
1.3538458347320557
1.374633550643921
1.1353719234466553
1.4836299419403076
1.274505376815796
1.3106398582458496
1.2848503589630127
1.2250587940216064
1.2695481777191162
1.1948881149291992
1.2528667449951172
1.2527263164520264
1.256645917892456
1.3638298511505127
1.278977632522583
1.3993170261383057
1.4416792392730713
1.3902337551116943
0.9904944896697998
1.0914733409881592
1.3588759899139404
1.1721179485321045
1.168452501296997
1.2412266731262207
1.1575353145599365
0.9882462024688721
0.963829755783081
0.9327833652496338
0.919769287109375
0.9178032875061035
0.9335753917694092
0.9518234729766846
0.9446775913238525
0.9217522144317627
0.9223840236663818
0.9100985527038574
0.9007742404937744
1.087914228439331
0.9159717559814453
0.9658122062683105
0.9210836887359619
0.9294323921203613
0.9012997150421143
0.8957903385162354
0.9088232517242432
0.9080195426940918
0.895399808883667
0.8911399841308594
0.8965804576873779
0.9086992740631104
0.9070169925689697
0.9052774906158447
0.9047932624816895
0.8917057514190674
0.9080655574798584
0.9424045085906982
0.9055795669555664
0.9198880195617676
0.9173340797424316
0.8981733322143555
0.9220132827758789
1.0176260471343994
0.9421100616455078
0.9380166530609131
0.9389829635620117
0.9185819625854492
0.9626398086547852
0.9465882778167725
0.9134407043457031
0.9055426120758057
0.9225959777832031
0.9353456497192383
0.9154434204101562
0.9017510414123535
0.9131438732147217
0.9128932952880859
0.9089863300323486
0.9570510387420654
0.9186162948608398
0.9101834297180176
0.9059844017028809
0.9045143127441406
0.9056346416473389
1.1155502796173096
1.0971944332122803
0.9149692058563232
0.9179716110229492
0.9168891906738281
0.9289634227752686
1.331153392791748
0.9415061473846436
0.9016382694244385
0.9140365123748779
1.076833724975586
0.9357659816741943
0.9511415958404541
0.9280869960784912
0.9082105159759521
0.9106721878051758
0.9096870422363281
0.8949873447418213
0.9038798809051514
0.9616405963897705
0.8978440761566162
0.9125676155090332
1.0778303146362305
0.9067106246948242
0.8994958400726318
0.92899489402771
1.5164101123809814
1.5367608070373535
0.9105770587921143
0.9507088661193848
0.9372544288635254
0.9206604957580566
0.9420452117919922
0.9216599464416504
0.9241368770599365
0.9037585258483887
0.9240036010742188
0.9392960071563721
0.9511444568634033
0.9416451454162598
0.9108378887176514
0.9101653099060059
0.9073624610900879
0.9111995697021484
0.9493038654327393
0.9118607044219971
0.9074814319610596
0.9237194061279297
0.8988535404205322
0.8921926021575928
0.8930230140686035
0.9001405239105225
0.903980016708374
0.9378299713134766
0.9071934223175049
0.9069557189941406
0.9077208042144775
0.8952610492706299
0.9128837585449219
0.9529404640197754
0.8947868347167969
0.9007270336151123
0.9315741062164307
0.9155442714691162
0.898339033126831
0.9288914203643799
0.8927898406982422
0.9131829738616943
0.8976695537567139
0.9166133403778076
0.9198586940765381
0.925574779510498
0.9002633094787598
0.9352443218231201
0.9418935775756836
0.9070453643798828
0.9245762825012207
0.9171788692474365
0.9723196029663086
0.9266166687011719
0.9109671115875244
0.9190223217010498
0.9023666381835938
0.8981590270996094
0.9223172664642334
0.8974382877349854
0.8906481266021729
0.9168915748596191
0.8968656063079834
0.9038035869598389
0.9000341892242432
0.9825994968414307
0.8979470729827881
0.9050121307373047
0.9162464141845703
0.9101173877716064
0.9077341556549072
0.9104061126708984
0.9152920246124268
0.9631133079528809
0.9363348484039307
0.9238076210021973
0.9080870151519775
0.9074511528015137
0.9122016429901123
0.9035012722015381
0.9379127025604248
0.9019656181335449
0.9374701976776123
0.9351186752319336
0.925462007522583
0.9367659091949463
0.9147274494171143
0.8940713405609131
0.909893274307251
1.0296597480773926
0.9006798267364502
0.9123284816741943
0.9052155017852783
0.9305307865142822
0.8911337852478027
0.9014570713043213
0.9270315170288086
0.946718692779541
0.9385051727294922
0.9954578876495361
0.8945090770721436
0.9310715198516846
0.8946821689605713
0.8924722671508789
1.065873622894287
0.9242091178894043
0.915137529373169
0.914900541305542
0.944390058517456
0.9975028038024902
0.9408268928527832
0.9356184005737305
0.9870123863220215
0.953887939453125
0.9402687549591064
0.9262547492980957
0.9301416873931885
0.9320530891418457
0.9438941478729248
0.935701847076416
0.9449796676635742
0.9707601070404053
0.9161200523376465
1.089353084564209
0.9215381145477295
0.9377861022949219
0.9469997882843018
0.9133687019348145
0.9163439273834229
0.9093413352966309
0.9156491756439209
0.9212255477905273
0.9250411987304688
0.9579172134399414
0.9258971214294434
0.9477682113647461
0.9633042812347412
0.8984417915344238
0.9249396324157715
0.9087207317352295
0.9221861362457275
0.9572851657867432
0.946279764175415
0.9367380142211914
0.915341854095459
1.3444435596466064
0.9324114322662354
0.9056148529052734
0.920520544052124
1.0298724174499512
0.9040939807891846
1.0572049617767334
0.9314608573913574
0.9356846809387207
0.927692174911499
0.9115300178527832
0.9181201457977295
0.9298772811889648
0.912114143371582
0.9335260391235352
0.9543633460998535
0.9298186302185059
0.9264254570007324
1.0004863739013672
0.944575309753418
0.9239232540130615
0.9118094444274902
0.9214835166931152
0.9062931537628174
0.8981337547302246
0.923429012298584
0.947620153427124
0.9441244602203369
0.926666259765625
0.9276485443115234
0.9674403667449951
0.9440915584564209
0.95591139793396
0.9199326038360596
0.9232747554779053
0.9234316349029541
0.8969559669494629
0.9418125152587891
0.9261884689331055
0.9109954833984375
0.923154354095459
0.9044487476348877
0.9450809955596924
0.9151628017425537
0.9167506694793701
1.1798372268676758
0.9464445114135742
0.9358208179473877
0.92201828956604
0.9226944446563721
0.9301483631134033
0.9073030948638916
0.9056720733642578
0.9032785892486572
0.9407811164855957
0.9490368366241455
0.9184615612030029
0.9736452102661133
0.9002158641815186
0.9001901149749756
0.910771369934082
0.9267740249633789
0.9467077255249023
0.9028925895690918
0.9062938690185547
0.9136948585510254
0.9565567970275879
0.9705076217651367
0.9025547504425049
0.919062614440918
1.0273115634918213
0.9101607799530029
0.9334044456481934
0.927330732345581
0.9338529109954834
0.929931640625
0.9165012836456299
0.9264469146728516
0.9565467834472656
0.9321208000183105
0.9134957790374756
0.9298553466796875
0.9155430793762207
0.9268498420715332
0.926828145980835
0.9367759227752686
0.903031587600708
0.9120376110076904
0.9058122634887695
1.042006015777588
0.9254071712493896
0.9349715709686279
0.9102134704589844
0.898564338684082
0.9051816463470459
0.9169485569000244
0.9023692607879639
0.9289703369140625
0.9646260738372803
0.9261541366577148
0.9198064804077148
0.9387998580932617
0.9473781585693359
0.9589221477508545
0.9685609340667725
0.9322974681854248
0.9321479797363281
1.0688438415527344
0.9387946128845215
0.9185194969177246
0.9838805198669434
0.9058599472045898
0.899970531463623
0.9612545967102051
0.9113795757293701
0.9238924980163574
0.959693431854248
0.905829906463623
1.0601024627685547
1.1252076625823975
0.9195382595062256
0.9190638065338135
0.9862766265869141
0.920447826385498
0.9201269149780273
0.976421594619751
0.920473575592041
0.9155890941619873
0.951308012008667
0.9482624530792236
1.0953586101531982
1.1280763149261475
0.9178779125213623
0.9653501510620117
0.9558959007263184
0.9385979175567627
0.9217846393585205
0.9713165760040283
0.9417688846588135
0.9565355777740479
0.972557783126831
0.9071118831634521
0.9619593620300293
0.9924209117889404
0.9096980094909668
1.0666091442108154
0.9669749736785889
0.9358987808227539
0.9381213188171387
0.9652464389801025
0.9228823184967041
0.9809846878051758
1.083766222000122
0.952996015548706
0.9139492511749268
0.9656703472137451
0.9399242401123047
1.0894076824188232
0.9216508865356445
0.9331240653991699
0.9563117027282715
0.9039721488952637
0.8938174247741699
0.9199323654174805
1.4235353469848633
1.4249050617218018
0.9636731147766113
0.9110763072967529
0.9076833724975586
1.0946977138519287
0.9072554111480713
0.918363094329834
0.9073929786682129
0.9094276428222656
1.6331851482391357
1.689624547958374
0.9798178672790527
1.326944351196289
1.4159164428710938
1.2788145542144775
1.367945671081543
1.4341671466827393
1.0218846797943115
1.2400157451629639
10.021936655044556
0.9262197017669678
0.9262275695800781
0.917961597442627
0.9559001922607422
0.9143979549407959
0.9509317874908447
0.922818660736084
0.922091007232666
0.9172663688659668
0.9362959861755371
0.9278676509857178
0.9396152496337891
0.9072542190551758
0.9144375324249268
0.9117820262908936
0.912665843963623
0.9091908931732178
0.9440441131591797
0.9158246517181396
0.910243034362793
0.9170262813568115
0.910999059677124
0.9129104614257812
0.9164526462554932
0.9158661365509033
0.9201827049255371
0.9130358695983887
0.9126911163330078
0.9167709350585938
0.9224226474761963
0.9355623722076416
0.9435079097747803
0.9455471038818359
0.9198768138885498
0.9278299808502197
0.9581129550933838
0.926516056060791
0.933234691619873
0.9358246326446533
0.9266133308410645
0.9673037528991699
0.9249677658081055
0.9188957214355469
0.9202237129211426
0.9493801593780518
0.9349088668823242
0.9587752819061279
0.9313313961029053
0.9206888675689697
0.9179782867431641
0.9114789962768555
0.9230425357818604
0.9797525405883789
0.9461190700531006
0.9993741512298584
0.9282324314117432
0.9535715579986572
1.7875804901123047
1.7049241065979004
1.6606366634368896
1.4208967685699463
1.2936599254608154
1.5910696983337402
1.6677474975585938
1.5527141094207764
1.6413142681121826
1.5683338642120361
1.60188889503479
1.4173839092254639
1.4904663562774658
1.4023828506469727
1.5737931728363037
1.5935735702514648
1.6201930046081543
1.8038780689239502
1.6362478733062744
1.710052251815796
1.6399288177490234
1.6467974185943604
1.6332306861877441
1.3822131156921387
1.441455602645874
1.7951509952545166
1.5107531547546387
1.6991100311279297
1.7168753147125244
1.6080114841461182
1.5714576244354248
1.6462018489837646
1.5969185829162598
1.6666312217712402
1.8631222248077393
1.7738301753997803
1.6006629467010498
1.7600605487823486
1.7303824424743652
1.442859172821045
1.6283025741577148
1.49253249168396
1.3959534168243408
1.590834617614746
1.6066522598266602
0.9424490928649902
0.918816089630127
0.9641220569610596
0.9311599731445312
0.9740660190582275
0.923093318939209
0.9510395526885986
1.0707650184631348
0.9302020072937012
0.9284069538116455
0.9176323413848877
0.9227221012115479
0.9470114707946777
0.9345924854278564
0.9397375583648682
0.9202382564544678
0.9107015132904053
0.9448628425598145
0.930424690246582
0.9221458435058594
0.9248814582824707
0.8878004550933838
0.9117095470428467
0.9314603805541992
1.2312452793121338
1.2200748920440674
0.9048154354095459
1.199021577835083
0.8997359275817871
0.9149799346923828
0.9148592948913574
0.903536319732666
0.9089577198028564
0.8764371871948242
0.9468064308166504
0.878955602645874
0.8911168575286865
0.9184441566467285
0.9421534538269043
0.9274027347564697
0.912893533706665
0.9793875217437744
0.9632365703582764
0.9822323322296143
1.009080171585083
1.5703496932983398
1.359330415725708
1.2470290660858154
1.232616901397705
1.2683053016662598
1.2585947513580322
1.2586438655853271
1.3296918869018555
1.4410269260406494
1.457529067993164
1.233837366104126
1.3647997379302979
1.3654789924621582
1.198641300201416
1.0103962421417236
1.019822359085083
1.2287113666534424
1.204817295074463
1.228919506072998
1.2755529880523682
1.270193099975586
1.299980878829956
1.4814245700836182
1.465653657913208
1.4971797466278076
1.4728469848632812
1.4511077404022217
1.386958122253418
1.336832046508789
1.1485176086425781
1.1575803756713867
1.2662785053253174
1.2793970108032227
1.1811232566833496
1.0556004047393799
1.4647953510284424
1.545609712600708
1.547968864440918
1.2289979457855225
1.113576889038086
1.22947096824646
1.159480333328247
1.292436122894287
1.3002495765686035
1.2143163681030273
1.1860942840576172
1.1756610870361328
1.3826889991760254
1.3746223449707031
1.1871771812438965
1.1240558624267578
1.0678505897521973
1.205352783203125
1.1323843002319336
1.1287109851837158
1.05454421043396
1.315739393234253
1.2658743858337402
1.08872652053833
0.9070725440979004
0.9277026653289795
0.9350833892822266
0.9389913082122803
0.8964428901672363
0.9426608085632324
0.9313647747039795
0.9354445934295654
0.8989548683166504
0.9230425357818604
0.9258525371551514
0.9298875331878662
0.9199264049530029
0.9146084785461426
1.0981366634368896
0.9191794395446777
0.905102014541626
0.916287899017334
0.9202673435211182
0.8967118263244629
0.9107382297515869
0.9385049343109131
0.9296038150787354
0.932384729385376
0.9254226684570312
0.9438793659210205
1.091702938079834
0.8919403553009033
1.135345697402954
1.1365079879760742
0.9342012405395508
0.9125735759735107
0.9360570907592773
0.9130454063415527
0.9238548278808594
0.9221949577331543
0.9373369216918945
0.8947930335998535
0.9335711002349854
0.9229316711425781
0.9161043167114258
0.9200305938720703
0.9356350898742676
0.9374005794525146
0.8687973022460938
0.9207348823547363
0.9036874771118164
0.9272570610046387
0.9341890811920166
0.9187202453613281
0.9208371639251709
0.9181432723999023
0.9037485122680664
0.9115970134735107
0.9122521877288818
0.9119918346405029
0.9279932975769043
0.9209520816802979
0.9335100650787354
0.9141130447387695
0.900322437286377
0.8917443752288818
0.9226651191711426
0.9431576728820801
0.9356420040130615
0.936333417892456
0.9111878871917725
0.9099345207214355
0.9256525039672852
0.9420807361602783
0.9076824188232422
0.9087355136871338
0.9058997631072998
0.9048123359680176
0.8952794075012207
0.9004061222076416
0.8903546333312988
0.9124011993408203
0.9112703800201416
0.9069013595581055
0.8994781970977783
0.9086296558380127
0.9197320938110352
0.928119421005249
1.097834825515747
0.9227335453033447
0.9284253120422363
0.9274578094482422
0.9416849613189697
0.9143521785736084
0.9241626262664795
0.9210641384124756
0.9331212043762207
0.9262709617614746
0.9341580867767334
0.9199879169464111
0.9476416110992432
0.9215350151062012
0.9080405235290527
0.9279193878173828
0.908576250076294
0.9018592834472656
0.9137849807739258
0.8868656158447266
0.9175803661346436
0.9393560886383057
0.9416673183441162
0.932861328125
0.9341988563537598
0.9200398921966553
0.9093120098114014
1.002413272857666
0.9161553382873535
0.9181523323059082
0.9016680717468262
0.9082095623016357
0.929767370223999
0.9282584190368652
0.9229452610015869
0.9065585136413574
0.95693039894104
0.9179604053497314
0.9415621757507324
0.9122388362884521
0.9185085296630859
0.9017343521118164
0.8944427967071533
0.9251968860626221
0.9269800186157227
0.9096300601959229
0.8853058815002441
0.9129879474639893
0.9182934761047363
0.9456989765167236
0.9087953567504883
1.2254793643951416
0.889176607131958
0.914175271987915
0.946746826171875
0.9340653419494629
0.8871872425079346
1.1764805316925049
0.9213967323303223
0.989326000213623
0.9954078197479248
0.9414217472076416
0.9175925254821777
0.9331541061401367
0.9120218753814697
0.8828318119049072
0.9079222679138184
0.9553728103637695
1.0209121704101562
1.22031831741333
1.0691986083984375
0.9248292446136475
0.911738395690918
0.9231798648834229
1.0116169452667236
1.4310691356658936
0.990715742111206
0.9730815887451172
1.1652703285217285
1.1126508712768555
0.9115915298461914
0.9464907646179199
1.1132206916809082
1.0933780670166016
0.9352810382843018
1.2564661502838135
0.9483621120452881
1.1441309452056885
0.9076452255249023
0.9319338798522949
0.9443693161010742
0.9291014671325684
0.9199273586273193
0.9219131469726562
0.923680305480957
0.8998792171478271
0.9481563568115234
1.156336784362793
1.3533785343170166
1.1594648361206055
1.1553804874420166
0.9005753993988037
0.880295991897583
0.8895516395568848
0.8817112445831299
0.8698022365570068
0.876234769821167
0.9409694671630859
0.9300522804260254
1.2263197898864746
0.922849178314209
0.9250836372375488
0.9179108142852783
1.3409788608551025
1.1677896976470947
1.111074447631836
0.9008791446685791
0.9207086563110352
1.1774754524230957
0.92905592918396
0.9268195629119873
1.0062098503112793
0.9981942176818848
1.0948443412780762
1.0423142910003662
0.9254541397094727
0.9832336902618408
1.1939070224761963
1.211101770401001
1.3733422756195068
1.0880553722381592
0.8801736831665039
0.9088263511657715
1.1058778762817383
1.1177897453308105
1.09944748878479
1.1821637153625488
1.1724693775177002
0.922717809677124
0.907221794128418
0.9402313232421875
0.9197709560394287
0.8961529731750488
1.296785831451416
1.130216121673584
1.1262552738189697
0.9599130153656006
1.266653299331665
1.2638421058654785
0.9754152297973633
1.090954065322876
1.0830650329589844
1.5380301475524902
0.9574592113494873
1.0418972969055176
0.976233720779419
1.142354965209961
1.1462864875793457
0.919452428817749
0.873666524887085
0.939565896987915
0.8945717811584473
0.9265787601470947
0.9064671993255615
0.9109008312225342
0.9184248447418213
0.9330234527587891
0.927537202835083
0.9141535758972168
0.9047999382019043
0.9294419288635254
0.9292659759521484
0.9190363883972168
0.8930454254150391
0.9569814205169678
0.9286539554595947
1.0949227809906006
1.157731533050537
1.3013484477996826
1.2820332050323486
0.9364118576049805
0.9454998970031738
0.9195146560668945
1.209263801574707
1.2007203102111816
1.2618017196655273
1.223113775253296
0.9357833862304688
0.9892446994781494
1.5496349334716797
1.5698950290679932
1.0244860649108887
1.4293291568756104
1.3774094581604004
1.2818233966827393
1.3114769458770752
1.195617437362671
1.1362779140472412
0.9775114059448242
0.9446573257446289
1.2466673851013184
1.2513763904571533
1.2097697257995605
1.1457881927490234
1.1492648124694824
1.2018513679504395
1.1705617904663086
1.218064546585083
1.4172821044921875
1.188739538192749
1.01405930519104
1.1783418655395508
1.1870357990264893
1.3695154190063477
1.1749043464660645
1.3710949420928955
0.9033966064453125
0.9725627899169922
1.1791212558746338
1.1557085514068604
1.3322725296020508
1.2057607173919678
1.180729627609253
1.1179254055023193
1.4036152362823486
1.1310474872589111
1.0389649868011475
1.2737419605255127
1.2456510066986084
1.2388370037078857
1.301896572113037
1.2047662734985352
1.1819100379943848
1.0565037727355957
1.0613698959350586
1.0305793285369873
1.2215759754180908
1.2529590129852295
1.4282658100128174
0.89601731300354
0.9342641830444336
1.4271316528320312
0.9253220558166504
0.9460837841033936
0.935814380645752
0.9274923801422119
1.2342817783355713
0.8970158100128174
0.938429594039917
0.9355287551879883
0.9264967441558838
0.9223122596740723
0.9328455924987793
0.9336729049682617
1.3188679218292236
0.9285526275634766
0.9056377410888672
0.9016287326812744
0.8818800449371338
0.879126787185669
0.8926866054534912
0.9564292430877686
0.9696342945098877
0.9140987396240234
0.9043848514556885
0.8866033554077148
0.9154720306396484
0.9304993152618408
0.9197931289672852
0.9086952209472656
1.338075876235962
0.9028620719909668
0.9158523082733154
0.9052152633666992
1.1445770263671875
1.0307605266571045
0.9294939041137695
0.8926148414611816
0.8967204093933105
0.9076838493347168
0.931934118270874
0.9193105697631836
0.9245235919952393
0.8761539459228516
0.9222044944763184
0.9087681770324707
0.931328535079956
0.9182295799255371
0.9324052333831787
0.908876895904541
0.9045553207397461
0.9289543628692627
0.9136631488800049
0.9591951370239258
0.915632963180542
0.9108946323394775
0.9058842658996582
0.9234871864318848
0.9310624599456787
0.9281740188598633
0.9156460762023926
0.9264523983001709
0.903893232345581
0.9017796516418457
0.8946781158447266
1.1612811088562012
0.8863222599029541
0.9054899215698242
0.9330554008483887
0.9421396255493164
0.9491100311279297
0.9050047397613525
0.8918337821960449
0.9006054401397705
0.8873012065887451
0.8889710903167725
0.9235775470733643
0.8896949291229248
0.8921346664428711
0.878821611404419
0.9031264781951904
0.9157543182373047
1.0007686614990234
0.9010617733001709
0.91727614402771
0.9046571254730225
0.9364793300628662
0.9069304466247559
0.9257261753082275
1.0611422061920166
1.0828831195831299
0.9124903678894043
0.9029538631439209
0.8727705478668213
0.877561092376709
0.8974897861480713
0.9174349308013916
0.8929662704467773
0.905890941619873
0.9326446056365967
0.9544265270233154
0.9424452781677246
0.8887639045715332
0.8992204666137695
0.8870372772216797
0.8806977272033691
0.8927774429321289
0.9166145324707031
0.8765974044799805
0.9882180690765381
0.9208297729492188
0.9790265560150146
0.989391565322876
1.0729265213012695
0.9064056873321533
0.9149272441864014
0.9241583347320557
0.9523842334747314
0.9303479194641113
0.9191699028015137
0.878413200378418
0.9111475944519043
0.8800711631774902
0.8805015087127686
0.9165847301483154
0.9210736751556396
0.9128549098968506
0.8896749019622803
0.8813498020172119
0.905454158782959
0.9247918128967285
0.9171204566955566
0.9177670478820801
0.9012579917907715
0.9197125434875488
0.9547278881072998
0.9360005855560303
0.8943033218383789
0.8890831470489502
0.9193422794342041
0.9042074680328369
0.8713183403015137
0.8905057907104492
0.9106948375701904
1.503493070602417
0.9237990379333496
0.9275863170623779
0.9168055057525635
0.9101443290710449
0.9124534130096436
0.9174470901489258
0.904686450958252
0.8886961936950684
1.0795576572418213
0.8916604518890381
0.9011578559875488
0.8927121162414551
0.9375729560852051
0.9044938087463379
0.9050605297088623
0.9177932739257812
0.9021279811859131
0.9098412990570068
0.8911268711090088
0.8840553760528564
1.3608958721160889
0.9401214122772217
0.8771326541900635
0.9265720844268799
0.922292947769165
0.9119536876678467
0.9187557697296143
0.9217050075531006
0.9327826499938965
0.8819863796234131
0.9127671718597412
0.9180779457092285
0.898080587387085
0.9161243438720703
0.9074554443359375
0.8959991931915283
0.9257857799530029
0.9109704494476318
0.8871915340423584
1.0510711669921875
0.9142615795135498
0.9056847095489502
0.9130833148956299
0.9347841739654541
0.8641784191131592
0.8944594860076904
0.8879704475402832
0.8680684566497803
0.9257900714874268
0.9228060245513916
0.9000811576843262
0.9253277778625488
0.9207394123077393
0.9123585224151611
0.933908224105835
0.925206184387207
0.89371657371521
0.910027265548706
0.9124703407287598
0.9198484420776367
0.9208853244781494
0.8888466358184814
0.9134247303009033
0.8907039165496826
0.9287631511688232
0.9240527153015137
0.9481182098388672
0.9076459407806396
0.8819677829742432
0.9249267578125
0.9356973171234131
0.9106898307800293
0.9011659622192383
0.9167437553405762
0.9165468215942383
0.8960161209106445
0.9222705364227295
0.9213042259216309
1.0501394271850586
0.8938727378845215
0.9256362915039062
0.9006922245025635
0.9202229976654053
0.9172425270080566
0.9084761142730713
0.9031507968902588
0.9285256862640381
0.9173238277435303
0.90812087059021
0.9177026748657227
0.910423755645752
0.9236452579498291
0.9179694652557373
0.9161853790283203
0.9083869457244873
0.9057073593139648
0.9174692630767822
0.942615270614624
0.9377992153167725
0.8899750709533691
0.9272701740264893
0.9089384078979492
0.9222702980041504
0.9248812198638916
0.9088084697723389
0.9320940971374512
0.892052412033081
0.9096996784210205
0.9296724796295166
0.9241554737091064
0.9258139133453369
0.9136650562286377
0.9131941795349121
0.9083976745605469
0.8951256275177002
0.920983076095581
0.9152958393096924
0.9208316802978516
0.9304039478302002
0.9213926792144775
0.9261205196380615
0.9203231334686279
0.9215846061706543
0.9082062244415283
0.926628828048706
0.9391269683837891
0.9318084716796875
0.9327702522277832
0.9249045848846436
0.9088537693023682
0.9332616329193115
0.9358818531036377
0.9367384910583496
0.9371910095214844
0.9082028865814209
0.893054723739624
0.900862455368042
0.931511640548706
0.9144470691680908
0.9300963878631592
0.9177970886230469
0.8891234397888184
0.899702787399292
0.8909671306610107
0.9435865879058838
0.9358632564544678
0.907006025314331
0.9424607753753662
0.9295558929443359
0.9193625450134277
0.9191153049468994
0.9066817760467529
1.0230562686920166
0.8720705509185791
0.9120259284973145
0.8766121864318848
0.8981516361236572
0.9190497398376465
0.9099583625793457
1.081885576248169
0.9274156093597412
0.9278512001037598
0.9219651222229004
0.9196319580078125
0.9251995086669922
0.8939273357391357
0.9139919281005859
0.8882088661193848
0.9097516536712646
0.9363069534301758
0.9214081764221191
0.9201614856719971
0.9248855113983154
0.9074504375457764
0.9218413829803467
0.9199869632720947
0.9070892333984375
0.8993678092956543
0.887066125869751
0.9337544441223145
0.9252321720123291
0.9270939826965332
0.9188416004180908
0.9057376384735107
0.9037399291992188
0.913276195526123
0.9243054389953613
0.8899853229522705
0.9175243377685547
0.9181380271911621
0.9317026138305664
0.9228308200836182
0.9151701927185059
0.918565034866333
0.9121010303497314
0.9225475788116455
0.9214591979980469
0.920295238494873
0.9466185569763184
0.9334185123443604
0.9502546787261963
0.8827874660491943
0.8931608200073242
0.8948261737823486
0.8989989757537842
0.9622013568878174
0.9415123462677002
0.9345009326934814
0.892157793045044
0.9379620552062988
0.9207932949066162
0.9105291366577148
0.9207644462585449
0.9326341152191162
0.9140400886535645
0.8987371921539307
0.9241492748260498
0.9366614818572998
0.9093365669250488
0.9280877113342285
0.9159548282623291
0.9082543849945068
0.9182240962982178
0.894228458404541
0.9326655864715576
0.924623966217041
0.9183938503265381
0.934307336807251
0.8815720081329346
0.9132068157196045
0.9212939739227295
0.9294726848602295
0.91874098777771
0.9266126155853271
0.9475743770599365
0.9101521968841553
0.9109866619110107
0.9188423156738281
0.9265491962432861
0.9029285907745361
0.9177162647247314
0.941373348236084
0.926567554473877
0.9584980010986328
0.9136247634887695
0.9066517353057861
0.9076745510101318
0.9056456089019775
0.927609920501709
0.9043047428131104
0.9313151836395264
0.9113504886627197
0.9139437675476074
0.9262523651123047
0.9351203441619873
0.925234317779541
0.9534804821014404
0.9161911010742188
0.9106922149658203
0.9090719223022461
0.9031853675842285
0.9308784008026123
0.9184701442718506
0.8980402946472168
0.9034397602081299
0.9015514850616455
0.9220731258392334
0.94576096534729
0.9051613807678223
0.9077420234680176
0.9291651248931885
0.9342105388641357
0.9434232711791992
0.8991234302520752
0.9720630645751953
0.9290404319763184
1.0389690399169922
0.9035964012145996
0.929668664932251
0.9549694061279297
0.9457273483276367
0.9073059558868408
0.9046478271484375
0.915353536605835
0.9278604984283447
0.9072959423065186
0.9223229885101318
1.2011022567749023
1.2285683155059814
0.931891918182373
0.9563901424407959
0.9102606773376465
1.1501927375793457
1.1529078483581543
0.9187171459197998
0.9051308631896973
0.9371929168701172
0.9051158428192139
0.909712553024292
0.9309070110321045
0.908353328704834
1.0738017559051514
0.9166147708892822
0.9753143787384033
0.9082486629486084
0.9090001583099365
0.9538733959197998
0.937922477722168
1.2123684883117676
1.0693302154541016
1.2626423835754395
1.2976129055023193
1.2697818279266357
0.9257473945617676
0.9251823425292969
0.9372384548187256
0.9149625301361084
0.9085681438446045
0.9322116374969482
0.940509557723999
0.9024217128753662
0.9077837467193604
0.9629943370819092
1.0218586921691895
1.167341709136963
0.9862391948699951
0.9074769020080566
0.9295217990875244
0.9661374092102051
0.9050028324127197
0.9809010028839111
0.9387049674987793
0.9261479377746582
0.901968240737915
0.9406499862670898
0.988898515701294
1.2481775283813477
1.3402931690216064
1.1201119422912598
0.9300158023834229
0.9213471412658691
0.9446570873260498
0.8946635723114014
0.9100208282470703
0.9512815475463867
0.934899091720581
0.988623857498169
0.9815225601196289
0.9614102840423584
0.9539792537689209
0.9311885833740234
0.9252040386199951
0.9764368534088135
0.9198651313781738
0.9165472984313965
0.9598445892333984
0.9217114448547363
0.9166133403778076
0.9045312404632568
1.0962166786193848
0.952540397644043
0.940096378326416
0.9485814571380615
0.917940616607666
0.922321081161499
0.9099981784820557
0.9095180034637451
0.921478271484375
0.9718599319458008
0.959435224533081
1.0216891765594482
0.9049794673919678
0.905515193939209
0.9296278953552246
0.9336888790130615
0.9768862724304199
0.9428985118865967
0.9090955257415771
0.9072086811065674
0.914543628692627
0.9086785316467285
0.9442429542541504
0.9146382808685303
0.9036920070648193
0.9069106578826904
0.9281675815582275
0.9712169170379639
0.922447919845581
1.031200885772705
0.898820161819458
0.9239394664764404
0.9284195899963379
0.9483206272125244
0.9635026454925537
0.9424505233764648
0.9107975959777832
0.9336013793945312
1.0107557773590088
0.9548640251159668
0.9668927192687988
0.9229819774627686
0.9201111793518066
0.9134764671325684
0.9330503940582275
0.9137349128723145
1.0595390796661377
0.9567282199859619
0.9362926483154297
0.9375207424163818
1.059366226196289
0.9143655300140381
0.9100804328918457
0.9282889366149902
0.9146327972412109
0.9078023433685303
0.9244022369384766
0.926386833190918
0.9246046543121338
1.0096328258514404
0.9224395751953125
1.004478931427002
0.9496238231658936
0.9448032379150391
0.9296162128448486
0.9364099502563477
0.9594452381134033
0.9273691177368164
0.9825608730316162
0.9289734363555908
0.9334652423858643
0.928863525390625
0.9390425682067871
0.9489991664886475
0.9375720024108887
0.902001142501831
0.9098324775695801
0.9344685077667236
0.9740610122680664
1.0075106620788574
0.9247255325317383
0.9181184768676758
0.915168285369873
1.082775592803955
1.064194917678833
0.9062778949737549
0.9262275695800781
0.9610142707824707
0.8992938995361328
0.930366039276123
0.9299750328063965
0.9100885391235352
0.9706921577453613
0.9435527324676514
0.9004662036895752
0.9854168891906738
0.9348833560943604
0.9172844886779785
0.931713342666626
0.9505634307861328
0.9292335510253906
0.9350624084472656
0.9296927452087402
0.9373724460601807
0.9422624111175537
0.9750332832336426
0.9174206256866455
0.9279351234436035
0.9125027656555176
0.931689977645874
0.9450719356536865
0.9093856811523438
0.9311587810516357
0.9692111015319824
0.9431312084197998
0.9325399398803711
0.9407644271850586
0.9252426624298096
0.9766318798065186
0.9494743347167969
0.9116027355194092
0.9504423141479492
1.0126209259033203
0.9616928100585938
0.9312944412231445
0.9353580474853516
0.9298708438873291
0.9839661121368408
0.9207065105438232
0.9057796001434326
0.9080286026000977
0.9536826610565186
0.9368343353271484
0.9307699203491211
0.9029421806335449
0.9121887683868408
0.9090871810913086
0.9158806800842285
0.9079360961914062
0.9109864234924316
0.9362688064575195
0.9230835437774658
0.8946325778961182
0.9864931106567383
0.9086213111877441
1.0266380310058594
1.037855625152588
0.9176850318908691
0.9261019229888916
0.9586126804351807
0.956463098526001
0.8955206871032715
0.9684274196624756
0.9251723289489746
0.9084064960479736
0.9426295757293701
0.9013888835906982
0.928511381149292
0.9197001457214355
0.9137301445007324
0.9390561580657959
1.0880591869354248
0.8993923664093018
0.9240097999572754
1.0367817878723145
0.917583703994751
0.9499180316925049
0.9550459384918213
0.9009473323822021
0.8989405632019043
0.9617457389831543
0.9022541046142578
1.0287401676177979
1.147961139678955
0.9276959896087646
0.9129772186279297
0.9915223121643066
1.165452241897583
0.920067548751831
0.9797086715698242
0.9153318405151367
0.9309146404266357
0.9262485504150391
0.9203331470489502
0.9471282958984375
0.9645686149597168
0.9256448745727539
0.9090712070465088
1.1726627349853516
0.9565587043762207
0.9198658466339111
0.954293966293335
0.9794256687164307
0.9350590705871582
1.1182785034179688
1.019383430480957
0.9321768283843994
0.9801909923553467
0.922325611114502
1.168344259262085
1.4868321418762207
1.019566535949707
0.9195976257324219
0.9247908592224121
0.9225597381591797
0.9140317440032959
1.166780710220337
1.1759448051452637
1.2669553756713867
1.3153131008148193
0.9329609870910645
0.9424750804901123
1.3330399990081787
0.9473092555999756
0.9116575717926025
1.2113041877746582
1.3095576763153076
1.0683164596557617
0.9434447288513184
0.937952995300293
0.9663262367248535
0.9352281093597412
0.9237923622131348
0.9306051731109619
0.9126036167144775
0.9751639366149902
0.9112803936004639
0.8981783390045166
0.8977642059326172
0.9065015316009521
0.9805648326873779
0.9299139976501465
0.9756045341491699
0.9037296772003174
0.9005861282348633
1.084366798400879
0.9143252372741699
0.9300951957702637
0.9392893314361572
0.9581804275512695
0.9243175983428955
0.9213941097259521
0.9364051818847656
0.959425687789917
0.9195029735565186
0.9295523166656494
0.9089946746826172
0.9253499507904053
0.9183804988861084
0.9077136516571045
0.9326574802398682
0.9619102478027344
1.0116255283355713
0.9132823944091797
0.9046876430511475
1.53725266456604
1.1074938774108887
0.9440948963165283
0.9581389427185059
0.9005038738250732
0.9152603149414062
0.9798154830932617
0.9310774803161621
0.9335203170776367
1.016671895980835
0.9424402713775635
0.943817138671875
0.9689178466796875
0.929473876953125
0.914724588394165
0.9951534271240234
0.9127860069274902
0.9952719211578369
0.945270299911499
0.9122271537780762
0.9075579643249512
0.9460551738739014
0.9135067462921143
0.945056676864624
0.9706556797027588
0.9126236438751221
0.9032371044158936
0.8954367637634277
0.8983800411224365
0.8999452590942383
0.9103603363037109
0.9740302562713623
0.9093992710113525
0.905421257019043
0.9302916526794434
0.942875862121582
0.9837753772735596
1.0349299907684326
0.9096701145172119
0.9107520580291748
0.9356813430786133
0.9019842147827148
0.9915008544921875
0.9015970230102539
0.9165146350860596
0.9097826480865479
0.9154284000396729
0.922224760055542
1.0562794208526611
0.9175262451171875
1.0720603466033936
0.9308271408081055
0.939979076385498
0.9120290279388428
0.9292843341827393
0.912365198135376
0.9223415851593018
0.9570891857147217
0.9344043731689453
0.9133806228637695
0.9555339813232422
0.9447886943817139
0.904810905456543
0.9300777912139893
0.9631600379943848
0.925800085067749
0.9067485332489014
0.9072813987731934
0.9029848575592041
0.9127514362335205
0.9226915836334229
0.9008193016052246
0.9127182960510254
0.8901762962341309
0.9214842319488525
0.9282686710357666
0.9104299545288086
0.9693772792816162
0.9266703128814697
0.9262866973876953
0.9193289279937744
0.9027845859527588
0.9021601676940918
0.9536983966827393
0.9568262100219727
0.9104313850402832
0.9128062725067139
0.9221057891845703
0.9003958702087402
1.588911771774292
1.5747461318969727
0.9234132766723633
1.2150959968566895
1.1337370872497559
1.3390116691589355
1.3768482208251953
1.3572909832000732
1.522836685180664
1.0525813102722168
0.9403471946716309
0.9001016616821289
0.9811687469482422
0.9409580230712891
0.9247117042541504
1.1419408321380615
1.151165246963501
1.4596037864685059
1.2227833271026611
1.2106304168701172
0.9098148345947266
1.1396989822387695
1.0777554512023926
1.4505281448364258
1.4533343315124512
1.2349956035614014
1.6074450016021729
1.3529791831970215
1.0670545101165771
1.1402828693389893
1.1204414367675781
1.2576751708984375
1.1938693523406982
1.551414966583252
1.315908432006836
1.152092695236206
1.1871659755706787
1.7072227001190186
1.4985451698303223
1.4265625476837158
1.3079991340637207
1.270582675933838
1.3786842823028564
1.2057116031646729
1.2171006202697754
1.398298740386963
1.3749001026153564
0.8979065418243408
0.9366309642791748
0.9355130195617676
0.9442245960235596
0.9447436332702637
0.9302167892456055
0.940786600112915
1.4130146503448486
1.1035053730010986
0.9036171436309814
0.9130470752716064
0.9177954196929932
0.9499242305755615
0.9107704162597656
0.895949125289917
0.9209287166595459
0.9314250946044922
0.9445159435272217
0.9338622093200684
0.9202439785003662
0.9204912185668945
0.9113471508026123
0.9154415130615234
